Games Played,Win Rate against Models,Draw Rate against Models,Win Rate against Random Moves,Average Game Length,Average Loss,Average Max Q value
100,0.26582278481012656,0.0,0.5714285714285714,9.49,0.016215419379093175,0.14923785911540569
200,0.17,0.0,0.5641025641025641,9.46,0.04601809025842037,0.7947578531506276
300,0.23,0.0,0.6065573770491803,9.69,0.08118240181344145,1.654102703529013
400,0.19,0.01,0.5384615384615384,9.19,0.11451581117499449,2.2537747008333473
500,0.21,0.01,0.5789473684210527,10.64,0.13041903590085543,2.5838099094389886
600,0.24,0.0,0.56,10.2,0.13193301566291527,2.752578849054247
700,0.26,0.0,0.55,10.51,0.1330634211836707,2.8218392715018386
800,0.26,0.0,0.54,11.52,0.12659131223022907,2.7427264806097607
900,0.34,0.01,0.58,11.37,0.11014723537047791,2.5827143592424657
1000,0.41,0.0,0.58,10.81,0.0990253114520205,2.4224821890853807
1100,0.47,0.0,0.6,11.4,0.09085162181591164,2.265383154707472
1200,0.37,0.0,0.64,11.69,0.08120022615588879,2.1051058847463118
1300,0.31,0.0,0.62,11.56,0.07443596480011733,1.963780454786164
1400,0.43,0.0,0.58,11.75,0.06620547963417295,1.8274770859464469
1500,0.4,0.0,0.57,11.54,0.06150212364461263,1.7274425354665124
1600,0.45,0.0,0.57,11.01,0.058010862050691295,1.6496306685789497
1700,0.44,0.0,0.52,11.58,0.05710862070222734,1.5970164761508472
1800,0.36,0.0,0.53,11.61,0.05426805613186723,1.5677653103957696
1900,0.36,0.0,0.58,11.55,0.05186778510535286,1.5072672160751468
2000,0.47,0.0,0.58,11.66,0.049542715344480764,1.432604361901561
